{
    "w": 720,
    "h": 720,
    "fl_x": 584.1088067078963,
    "fl_y": 584.1088067078963,
    "cx": 360.0,
    "cy": 360.0,
    "k1": 0,
    "k2": 0,
    "p1": 0,
    "p2": 0,
    "camera_model": "OPENCV",
    "camera_angle_x": 1.1046714208162038,
    "frames": [
        {
            "file_path": "gs_images/gs_img0.png",
            "depth_file_path": "gs_depths/gs_depth0.png",
            "seg_file_path": "gs_segs/gs_seg0.png",
            "transform_matrix": [
                [
                    0.0352651327847861,
                    0.9041321691388823,
                    -0.4257950107010313,
                    0.2704783082008362
                ],
                [
                    -0.999293745753505,
                    0.037433550020535444,
                    -0.003277046046337634,
                    0.0019546602852642675
                ],
                [
                    0.012976136081328193,
                    0.4256098566305532,
                    0.9048137210671152,
                    0.5348367094993591
                ],
                [
                    0.0,
                    0.0,
                    0.0,
                    1.0
                ]
            ],
            "idx": 0
        },
        {
            "file_path": "gs_images/gs_img60.png",
            "depth_file_path": "gs_depths/gs_depth60.png",
            "seg_file_path": "gs_segs/gs_seg60.png",
            "transform_matrix": [
                [
                    0.17504990913865362,
                    -0.1615349976703539,
                    -0.9712177787902093,
                    0.13729102909564972
                ],
                [
                    -0.9798668740807781,
                    -0.12478020263544523,
                    -0.15585509330599973,
                    0.5648455619812012
                ],
                [
                    -0.0960126991064919,
                    0.9789465488768507,
                    -0.18012555635553282,
                    0.8807503581047058
                ],
                [
                    0.0,
                    0.0,
                    0.0,
                    1.0
                ]
            ],
            "idx": 60
        },
        {
            "file_path": "gs_images/gs_img27.png",
            "depth_file_path": "gs_depths/gs_depth27.png",
            "seg_file_path": "gs_segs/gs_seg27.png",
            "transform_matrix": [
                [
                    0.4021701292019996,
                    -0.1560910902711521,
                    -0.9021611600571211,
                    0.15502914786338806
                ],
                [
                    -0.9122771516010832,
                    -0.15174931806256958,
                    -0.3804241621324279,
                    -0.30465513467788696
                ],
                [
                    -0.07752151858846457,
                    0.9760162478184001,
                    -0.20342737807441308,
                    0.7022745013237
                ],
                [
                    0.0,
                    0.0,
                    0.0,
                    1.0
                ]
            ],
            "idx": 27
        },
        {
            "file_path": "gs_images/gs_img10.png",
            "depth_file_path": "gs_depths/gs_depth10.png",
            "seg_file_path": "gs_segs/gs_seg10.png",
            "transform_matrix": [
                [
                    0.031992044097002015,
                    0.5063119924361394,
                    -0.8617567379660238,
                    0.24540278315544128
                ],
                [
                    -0.9987855025970735,
                    -0.016128571370679745,
                    -0.046555225135879286,
                    0.012180017307400717
                ],
                [
                    -0.037470373849309235,
                    0.8621995334613025,
                    0.5051810918697427,
                    0.5660758018493652
                ],
                [
                    0.0,
                    0.0,
                    0.0,
                    1.0
                ]
            ],
            "idx": 10
        },
        {
            "file_path": "gs_images/gs_img38.png",
            "depth_file_path": "gs_depths/gs_depth38.png",
            "seg_file_path": "gs_segs/gs_seg38.png",
            "transform_matrix": [
                [
                    0.07759800887250012,
                    0.3562953069639375,
                    -0.931145640195183,
                    0.5197296142578125
                ],
                [
                    -0.9954660831296381,
                    -0.023841109353179513,
                    -0.09208082777292054,
                    -0.09843024611473082
                ],
                [
                    -0.05500751182847596,
                    0.9340691921588482,
                    0.35282987104574476,
                    0.6065576076507568
                ],
                [
                    0.0,
                    0.0,
                    0.0,
                    1.0
                ]
            ],
            "idx": 38
        },
        {
            "file_path": "gs_images/gs_img13.png",
            "depth_file_path": "gs_depths/gs_depth13.png",
            "seg_file_path": "gs_segs/gs_seg13.png",
            "transform_matrix": [
                [
                    0.03305789970838646,
                    0.284087598284777,
                    -0.9582282670468752,
                    0.23437318205833435
                ],
                [
                    -0.9985693179959609,
                    -0.03092990710976784,
                    -0.04361946816804024,
                    0.0136658549308777
                ],
                [
                    -0.04202966124003138,
                    0.958299315113482,
                    0.28265868150311585,
                    0.5738596320152283
                ],
                [
                    0.0,
                    0.0,
                    0.0,
                    1.0
                ]
            ],
            "idx": 13
        },
        {
            "file_path": "gs_images/gs_img51.png",
            "depth_file_path": "gs_depths/gs_depth51.png",
            "seg_file_path": "gs_segs/gs_seg51.png",
            "transform_matrix": [
                [
                    0.2587551666065287,
                    -0.03617180283683691,
                    -0.9652654372937844,
                    0.21945740282535553
                ],
                [
                    -0.9658842310420803,
                    0.0013283934144788234,
                    -0.2589708238299938,
                    -0.07314772903919219
                ],
                [
                    0.010649693830196871,
                    0.9993447033183643,
                    -0.03459404530918159,
                    0.987948477268219
                ],
                [
                    0.0,
                    0.0,
                    0.0,
                    1.0
                ]
            ],
            "idx": 51
        },
        {
            "file_path": "gs_images/gs_img59.png",
            "depth_file_path": "gs_depths/gs_depth59.png",
            "seg_file_path": "gs_segs/gs_seg59.png",
            "transform_matrix": [
                [
                    0.20241342563594183,
                    -0.16015247806208333,
                    -0.9661159293236485,
                    0.1371932327747345
                ],
                [
                    -0.9743951340653547,
                    -0.1315522679655948,
                    -0.1823406797806454,
                    0.5623228549957275
                ],
                [
                    -0.09789242990181907,
                    0.9782868621031781,
                    -0.18267974054129596,
                    0.8808496594429016
                ],
                [
                    0.0,
                    0.0,
                    0.0,
                    1.0
                ]
            ],
            "idx": 59
        },
        {
            "file_path": "gs_images/gs_img40.png",
            "depth_file_path": "gs_depths/gs_depth40.png",
            "seg_file_path": "gs_segs/gs_seg40.png",
            "transform_matrix": [
                [
                    -0.12237471827171884,
                    0.10077426550446261,
                    -0.9873545339643474,
                    0.47348254919052124
                ],
                [
                    -0.992427530077022,
                    -0.023034171934449982,
                    0.12065249466345912,
                    -0.1606673300266266
                ],
                [
                    -0.010584227564602311,
                    0.9946426364958072,
                    0.10282995571102052,
                    0.6931122541427612
                ],
                [
                    0.0,
                    0.0,
                    0.0,
                    1.0
                ]
            ],
            "idx": 40
        },
        {
            "file_path": "gs_images/gs_img26.png",
            "depth_file_path": "gs_depths/gs_depth26.png",
            "seg_file_path": "gs_segs/gs_seg26.png",
            "transform_matrix": [
                [
                    0.41813361013615025,
                    -0.13757916091383704,
                    -0.8979065979024516,
                    0.1577192097902298
                ],
                [
                    -0.9045754633879994,
                    -0.153500783882019,
                    -0.39771942419750167,
                    -0.24116374552249908
                ],
                [
                    -0.0831114619706364,
                    0.9785241355377243,
                    -0.18863457015948376,
                    0.6936730146408081
                ],
                [
                    0.0,
                    0.0,
                    0.0,
                    1.0
                ]
            ],
            "idx": 26
        },
        {
            "file_path": "gs_images/gs_img53.png",
            "depth_file_path": "gs_depths/gs_depth53.png",
            "seg_file_path": "gs_segs/gs_seg53.png",
            "transform_matrix": [
                [
                    0.26980203808839726,
                    -0.02614464592657101,
                    -0.9625608124854872,
                    0.22666051983833313
                ],
                [
                    -0.9621127291319462,
                    -0.04813728804858225,
                    -0.26836895860290216,
                    -0.3442250192165375
                ],
                [
                    -0.03931865569453574,
                    0.9984985022465993,
                    -0.03814163506815749,
                    0.9918824434280396
                ],
                [
                    0.0,
                    0.0,
                    0.0,
                    1.0
                ]
            ],
            "idx": 53
        },
        {
            "file_path": "gs_images/gs_img45.png",
            "depth_file_path": "gs_depths/gs_depth45.png",
            "seg_file_path": "gs_segs/gs_seg45.png",
            "transform_matrix": [
                [
                    -0.25637932918342976,
                    -0.19031528355795785,
                    -0.9476548593299721,
                    0.4077187776565552
                ],
                [
                    -0.9648868956244674,
                    0.1083322547073658,
                    0.23928518809612337,
                    -0.21883182227611542
                ],
                [
                    0.057121959171874404,
                    0.9757275313499527,
                    -0.21140687393293092,
                    0.869912326335907
                ],
                [
                    0.0,
                    0.0,
                    0.0,
                    1.0
                ]
            ],
            "idx": 45
        },
        {
            "file_path": "gs_images/gs_img25.png",
            "depth_file_path": "gs_depths/gs_depth25.png",
            "seg_file_path": "gs_segs/gs_seg25.png",
            "transform_matrix": [
                [
                    0.4048982370406865,
                    -0.12168696428743808,
                    -0.9062282826991507,
                    0.1609499603509903
                ],
                [
                    -0.909835735911986,
                    -0.1521095506207264,
                    -0.38608498839951744,
                    -0.16914762556552887
                ],
                [
                    -0.09086446664587233,
                    0.9808440076446756,
                    -0.17230403758674,
                    0.6831591725349426
                ],
                [
                    0.0,
                    0.0,
                    0.0,
                    1.0
                ]
            ],
            "idx": 25
        },
        {
            "file_path": "gs_images/gs_img43.png",
            "depth_file_path": "gs_depths/gs_depth43.png",
            "seg_file_path": "gs_segs/gs_seg43.png",
            "transform_matrix": [
                [
                    -0.1587459629028584,
                    0.016893940555303744,
                    -0.9871749156226359,
                    0.47126784920692444
                ],
                [
                    -0.9857663656121136,
                    -0.0587717269332976,
                    0.1575136709659289,
                    -0.5685957670211792
                ],
                [
                    -0.05535694798242857,
                    0.9981284881646211,
                    0.0259832527655591,
                    0.7379195690155029
                ],
                [
                    0.0,
                    0.0,
                    0.0,
                    1.0
                ]
            ],
            "idx": 43
        },
        {
            "file_path": "gs_images/gs_img8.png",
            "depth_file_path": "gs_depths/gs_depth8.png",
            "seg_file_path": "gs_segs/gs_seg8.png",
            "transform_matrix": [
                [
                    0.022210058158491086,
                    0.6056205279790514,
                    -0.7954435802789357,
                    0.25143197178840637
                ],
                [
                    -0.9994186026711542,
                    -0.007137262509603559,
                    -0.033339407893763995,
                    0.011212559416890158
                ],
                [
                    -0.02586831945516005,
                    0.7957215816944041,
                    0.6051099028063596,
                    0.5614230036735535
                ],
                [
                    0.0,
                    0.0,
                    0.0,
                    1.0
                ]
            ],
            "idx": 8
        },
        {
            "file_path": "gs_images/gs_img14.png",
            "depth_file_path": "gs_depths/gs_depth14.png",
            "seg_file_path": "gs_segs/gs_seg14.png",
            "transform_matrix": [
                [
                    0.1122028312810654,
                    0.29761809101524106,
                    -0.9480685611035504,
                    0.23523156344890594
                ],
                [
                    -0.9927235823692346,
                    -0.008393508399284266,
                    -0.1201225958125477,
                    0.014357911422848715
                ],
                [
                    -0.043708279084245794,
                    0.954648113661361,
                    0.29451072208376194,
                    0.5733606219291687
                ],
                [
                    0.0,
                    0.0,
                    0.0,
                    1.0
                ]
            ],
            "idx": 14
        },
        {
            "file_path": "gs_images/gs_img33.png",
            "depth_file_path": "gs_depths/gs_depth33.png",
            "seg_file_path": "gs_segs/gs_seg33.png",
            "transform_matrix": [
                [
                    0.38028296919006044,
                    -0.22095859842088272,
                    -0.8980880586712369,
                    0.14893858134746552
                ],
                [
                    -0.9224175686189492,
                    -0.16128233980759224,
                    -0.3509043116994928,
                    -0.6305171251296997
                ],
                [
                    -0.06731041856279074,
                    0.961855137039912,
                    -0.2651490201807929,
                    0.7300560474395752
                ],
                [
                    0.0,
                    0.0,
                    0.0,
                    1.0
                ]
            ],
            "idx": 33
        },
        {
            "file_path": "gs_images/gs_img4.png",
            "depth_file_path": "gs_depths/gs_depth4.png",
            "seg_file_path": "gs_segs/gs_seg4.png",
            "transform_matrix": [
                [
                    0.08329212862158131,
                    0.7270975368141106,
                    -0.6814628333728401,
                    0.2599102258682251
                ],
                [
                    -0.9965216256755152,
                    0.06259720425498516,
                    -0.05501126775932674,
                    0.009520289488136782
                ],
                [
                    0.002659110887992644,
                    0.6836744561399913,
                    0.7297822737988178,
                    0.5516825914382935
                ],
                [
                    0.0,
                    0.0,
                    0.0,
                    1.0
                ]
            ],
            "idx": 4
        },
        {
            "file_path": "gs_images/gs_img18.png",
            "depth_file_path": "gs_depths/gs_depth18.png",
            "seg_file_path": "gs_segs/gs_seg18.png",
            "transform_matrix": [
                [
                    0.3014190982941173,
                    0.19992073365365642,
                    -0.9322972849037722,
                    0.20340082049369812
                ],
                [
                    -0.9477178745555759,
                    -0.04462434251619707,
                    -0.3159738886409121,
                    0.028564261272549643
                ],
                [
                    -0.10477288500095627,
                    0.9787953659015665,
                    0.17601782369463456,
                    0.6058452129364014
                ],
                [
                    0.0,
                    0.0,
                    0.0,
                    1.0
                ]
            ],
            "idx": 18
        },
        {
            "file_path": "gs_images/gs_img62.png",
            "depth_file_path": "gs_depths/gs_depth62.png",
            "seg_file_path": "gs_segs/gs_seg62.png",
            "transform_matrix": [
                [
                    -0.023517022575930135,
                    -0.04910638581529864,
                    -0.9985166561061074,
                    0.23997406661510468
                ],
                [
                    -0.9907689027575606,
                    -0.13223721815921777,
                    0.0298378863542777,
                    0.3637832701206207
                ],
                [
                    -0.1335062956483422,
                    0.9900009500024081,
                    -0.04554325434778436,
                    0.9201613664627075
                ],
                [
                    0.0,
                    0.0,
                    0.0,
                    1.0
                ]
            ],
            "idx": 62
        },
        {
            "file_path": "gs_images/gs_img5.png",
            "depth_file_path": "gs_depths/gs_depth5.png",
            "seg_file_path": "gs_segs/gs_seg5.png",
            "transform_matrix": [
                [
                    0.03448903283124566,
                    0.6968702390883951,
                    -0.7163674870394723,
                    0.2577003240585327
                ],
                [
                    -0.9993940235004942,
                    0.02067730126539974,
                    -0.028000625062192475,
                    0.00936486199498178
                ],
                [
                    -0.004700255935462083,
                    0.7168990996543817,
                    0.6971610922225064,
                    0.5546860098838806
                ],
                [
                    0.0,
                    0.0,
                    0.0,
                    1.0
                ]
            ],
            "idx": 5
        },
        {
            "file_path": "gs_images/gs_img48.png",
            "depth_file_path": "gs_depths/gs_depth48.png",
            "seg_file_path": "gs_segs/gs_seg48.png",
            "transform_matrix": [
                [
                    -0.2781622964618682,
                    -0.17932450599466987,
                    -0.9436463629860645,
                    0.4251742959022522
                ],
                [
                    -0.9567284318616506,
                    0.13909043746584704,
                    0.2555866934586118,
                    0.3085160553455353
                ],
                [
                    0.08541922789751055,
                    0.9739078866891504,
                    -0.21025456891603156,
                    0.8855230808258057
                ],
                [
                    0.0,
                    0.0,
                    0.0,
                    1.0
                ]
            ],
            "idx": 48
        },
        {
            "file_path": "gs_images/gs_img36.png",
            "depth_file_path": "gs_depths/gs_depth36.png",
            "seg_file_path": "gs_segs/gs_seg36.png",
            "transform_matrix": [
                [
                    0.028125065235622138,
                    0.8989500406032039,
                    -0.4371473495344451,
                    0.2691209018230438
                ],
                [
                    -0.45264105162552737,
                    0.40136883368615883,
                    0.7962531869504508,
                    -0.06578804552555084
                ],
                [
                    0.891249156571174,
                    0.1754761631815298,
                    0.41819021636841347,
                    0.5334413647651672
                ],
                [
                    0.0,
                    0.0,
                    0.0,
                    1.0
                ]
            ],
            "idx": 36
        },
        {
            "file_path": "gs_images/gs_img12.png",
            "depth_file_path": "gs_depths/gs_depth12.png",
            "seg_file_path": "gs_segs/gs_seg12.png",
            "transform_matrix": [
                [
                    0.040351223309232354,
                    0.41402603970361346,
                    -0.9093702311076552,
                    0.2400878220796585
                ],
                [
                    -0.9982239608704997,
                    -0.02321491152263644,
                    -0.05486339241249327,
                    0.012605480849742903
                ],
                [
                    -0.043825822541733506,
                    0.9099689589927439,
                    0.41235396317751377,
                    0.5694019794464111
                ],
                [
                    0.0,
                    0.0,
                    0.0,
                    1.0
                ]
            ],
            "idx": 12
        },
        {
            "file_path": "gs_images/gs_img63.png",
            "depth_file_path": "gs_depths/gs_depth63.png",
            "seg_file_path": "gs_segs/gs_seg63.png",
            "transform_matrix": [
                [
                    -0.017683022276489407,
                    -0.05229626211320121,
                    -0.998475043099304,
                    0.23681747913360596
                ],
                [
                    -0.9909670685290246,
                    -0.1318566025084543,
                    0.024456194837286283,
                    0.10015718638896944
                ],
                [
                    -0.13293449444805894,
                    0.9898883458976144,
                    -0.04949225032188512,
                    0.934503972530365
                ],
                [
                    0.0,
                    0.0,
                    0.0,
                    1.0
                ]
            ],
            "idx": 63
        },
        {
            "file_path": "gs_images/gs_img23.png",
            "depth_file_path": "gs_depths/gs_depth23.png",
            "seg_file_path": "gs_segs/gs_seg23.png",
            "transform_matrix": [
                [
                    0.444410142695569,
                    -0.10017304133389582,
                    -0.8902050251819644,
                    0.16319620609283447
                ],
                [
                    -0.8906788564830562,
                    -0.15575574593024977,
                    -0.4271197984450581,
                    -0.10761266946792601
                ],
                [
                    -0.09586865850391152,
                    0.9827031644396131,
                    -0.15844144318022135,
                    0.6729450821876526
                ],
                [
                    0.0,
                    0.0,
                    0.0,
                    1.0
                ]
            ],
            "idx": 23
        },
        {
            "file_path": "gs_images/gs_img44.png",
            "depth_file_path": "gs_depths/gs_depth44.png",
            "seg_file_path": "gs_segs/gs_seg44.png",
            "transform_matrix": [
                [
                    -0.18767426451391025,
                    0.019214061711199992,
                    -0.9820433749441625,
                    0.47214189171791077
                ],
                [
                    -0.9805602088885836,
                    -0.061961562308559454,
                    0.18617852062109563,
                    -0.5691739320755005
                ],
                [
                    -0.05727169618179706,
                    0.9978935737987497,
                    0.030469134999524056,
                    0.7369408011436462
                ],
                [
                    0.0,
                    0.0,
                    0.0,
                    1.0
                ]
            ],
            "idx": 44
        },
        {
            "file_path": "gs_images/gs_img49.png",
            "depth_file_path": "gs_depths/gs_depth49.png",
            "seg_file_path": "gs_segs/gs_seg49.png",
            "transform_matrix": [
                [
                    -0.21203961741770702,
                    -0.19964281198429745,
                    -0.9566514246413658,
                    0.4348577857017517
                ],
                [
                    -0.9604214256971582,
                    0.22351313400408235,
                    0.16623045445859447,
                    0.4759451746940613
                ],
                [
                    0.18063744270552046,
                    0.95403596711585,
                    -0.23913487353820703,
                    0.8800194263458252
                ],
                [
                    0.0,
                    0.0,
                    0.0,
                    1.0
                ]
            ],
            "idx": 49
        },
        {
            "file_path": "gs_images/gs_img29.png",
            "depth_file_path": "gs_depths/gs_depth29.png",
            "seg_file_path": "gs_segs/gs_seg29.png",
            "transform_matrix": [
                [
                    0.436001417794771,
                    -0.16500608242590342,
                    -0.8846896384853875,
                    0.15421053767204285
                ],
                [
                    -0.8967150538926307,
                    -0.16287947678110515,
                    -0.41154876766411247,
                    -0.3811301589012146
                ],
                [
                    -0.07618973555070147,
                    0.97275036304592,
                    -0.21897912090138827,
                    0.7101285457611084
                ],
                [
                    0.0,
                    0.0,
                    0.0,
                    1.0
                ]
            ],
            "idx": 29
        },
        {
            "file_path": "gs_images/gs_img3.png",
            "depth_file_path": "gs_depths/gs_depth3.png",
            "seg_file_path": "gs_segs/gs_seg3.png",
            "transform_matrix": [
                [
                    0.08043871780974743,
                    0.7427217782502856,
                    -0.6647510607662523,
                    0.2620852589607239
                ],
                [
                    -0.99672167877341,
                    0.06574952069052387,
                    -0.047147593704048085,
                    0.008969678543508067
                ],
                [
                    0.008689518987805844,
                    0.6663642852387125,
                    0.7455757048201481,
                    0.5495544672012329
                ],
                [
                    0.0,
                    0.0,
                    0.0,
                    1.0
                ]
            ],
            "idx": 3
        },
        {
            "file_path": "gs_images/gs_img50.png",
            "depth_file_path": "gs_depths/gs_depth50.png",
            "seg_file_path": "gs_segs/gs_seg50.png",
            "transform_matrix": [
                [
                    0.26985529864429975,
                    -0.06357413767345965,
                    -0.9607998994653737,
                    0.21007266640663147
                ],
                [
                    -0.9626467961151658,
                    0.0051093034733162845,
                    -0.27071209974292704,
                    0.016451232135295882
                ],
                [
                    0.022119306562428498,
                    0.9979640394508682,
                    -0.05982066733248431,
                    0.9870057106018066
                ],
                [
                    0.0,
                    0.0,
                    0.0,
                    1.0
                ]
            ],
            "idx": 50
        },
        {
            "file_path": "gs_images/gs_img58.png",
            "depth_file_path": "gs_depths/gs_depth58.png",
            "seg_file_path": "gs_segs/gs_seg58.png",
            "transform_matrix": [
                [
                    0.22160202972477586,
                    -0.16424293954970215,
                    -0.9612059078209687,
                    0.1389790028333664
                ],
                [
                    -0.9702153133897088,
                    -0.13604829613107405,
                    -0.20043229975216365,
                    0.3366587162017822
                ],
                [
                    -0.09785083589816262,
                    0.9769928955360447,
                    -0.18949959363050461,
                    0.8663542866706848
                ],
                [
                    0.0,
                    0.0,
                    0.0,
                    1.0
                ]
            ],
            "idx": 58
        },
        {
            "file_path": "gs_images/gs_img52.png",
            "depth_file_path": "gs_depths/gs_depth52.png",
            "seg_file_path": "gs_segs/gs_seg52.png",
            "transform_matrix": [
                [
                    0.25930824244375517,
                    -0.0285972547195652,
                    -0.9653711371401339,
                    0.2235327661037445
                ],
                [
                    -0.9657935527153155,
                    -0.00619667306419075,
                    -0.25923814298143866,
                    -0.16155678033828735
                ],
                [
                    0.0014314098854038004,
                    0.9995718074582937,
                    -0.02922589263478753,
                    0.9904912114143372
                ],
                [
                    0.0,
                    0.0,
                    0.0,
                    1.0
                ]
            ],
            "idx": 52
        },
        {
            "file_path": "gs_images/gs_img31.png",
            "depth_file_path": "gs_depths/gs_depth31.png",
            "seg_file_path": "gs_segs/gs_seg31.png",
            "transform_matrix": [
                [
                    0.427798239868861,
                    -0.19952264793906827,
                    -0.8815777781480696,
                    0.15072080492973328
                ],
                [
                    -0.900777614999407,
                    -0.17477460975613124,
                    -0.3975594598303154,
                    -0.600106418132782
                ],
                [
                    -0.07475529600693598,
                    0.9641807655953185,
                    -0.25449380537636035,
                    0.7228298187255859
                ],
                [
                    0.0,
                    0.0,
                    0.0,
                    1.0
                ]
            ],
            "idx": 31
        },
        {
            "file_path": "gs_images/gs_img1.png",
            "depth_file_path": "gs_depths/gs_depth1.png",
            "seg_file_path": "gs_segs/gs_seg1.png",
            "transform_matrix": [
                [
                    0.0620773727159481,
                    0.7915736311887779,
                    -0.6079124823552302,
                    0.2663209140300751
                ],
                [
                    -0.9977955871165066,
                    0.0635368908143305,
                    -0.019158022770471184,
                    0.004222073592245593
                ],
                [
                    0.02345988336525373,
                    0.6077616719671131,
                    0.7937728793302453,
                    0.5437472462654114
                ],
                [
                    0.0,
                    0.0,
                    0.0,
                    1.0
                ]
            ],
            "idx": 1
        },
        {
            "file_path": "gs_images/gs_img11.png",
            "depth_file_path": "gs_depths/gs_depth11.png",
            "seg_file_path": "gs_segs/gs_seg11.png",
            "transform_matrix": [
                [
                    0.04034900944923048,
                    0.4140265441676584,
                    -0.9093700996629768,
                    0.2400878369808197
                ],
                [
                    -0.9982238451573012,
                    -0.023220056644851605,
                    -0.05486332043162018,
                    0.012605218216776862
                ],
                [
                    -0.043830496185175316,
                    0.9099685981911663,
                    0.4123542626312543,
                    0.5694019198417664
                ],
                [
                    0.0,
                    0.0,
                    0.0,
                    1.0
                ]
            ],
            "idx": 11
        },
        {
            "file_path": "gs_images/gs_img57.png",
            "depth_file_path": "gs_depths/gs_depth57.png",
            "seg_file_path": "gs_segs/gs_seg57.png",
            "transform_matrix": [
                [
                    0.25601752278964185,
                    -0.16692694200168157,
                    -0.9521504209202571,
                    0.13807111978530884
                ],
                [
                    -0.9619246375241172,
                    -0.14149159333453193,
                    -0.23383994684345855,
                    0.19511060416698456
                ],
                [
                    -0.09568709290573812,
                    0.9757640724322775,
                    -0.1967954653990432,
                    0.858828067779541
                ],
                [
                    0.0,
                    0.0,
                    0.0,
                    1.0
                ]
            ],
            "idx": 57
        },
        {
            "file_path": "gs_images/gs_img32.png",
            "depth_file_path": "gs_depths/gs_depth32.png",
            "seg_file_path": "gs_segs/gs_seg32.png",
            "transform_matrix": [
                [
                    0.4063472274017252,
                    -0.2159003008975437,
                    -0.8878451390052664,
                    0.14884832501411438
                ],
                [
                    -0.9112958389343098,
                    -0.1664753863714729,
                    -0.3765977159695491,
                    -0.6304965019226074
                ],
                [
                    -0.06649680235878247,
                    0.9621190185236019,
                    -0.264395857515276,
                    0.7297459840774536
                ],
                [
                    0.0,
                    0.0,
                    0.0,
                    1.0
                ]
            ],
            "idx": 32
        },
        {
            "file_path": "gs_images/gs_img46.png",
            "depth_file_path": "gs_depths/gs_depth46.png",
            "seg_file_path": "gs_segs/gs_seg46.png",
            "transform_matrix": [
                [
                    -0.24406988148407252,
                    -0.1697223966561287,
                    -0.954790134545624,
                    0.4093974232673645
                ],
                [
                    -0.9684887342158042,
                    0.09301033154373617,
                    0.2310382001384052,
                    -0.06530049443244933
                ],
                [
                    0.04959298992216854,
                    0.9810929549739027,
                    -0.18707524970224068,
                    0.8820032477378845
                ],
                [
                    0.0,
                    0.0,
                    0.0,
                    1.0
                ]
            ],
            "idx": 46
        },
        {
            "file_path": "gs_images/gs_img39.png",
            "depth_file_path": "gs_depths/gs_depth39.png",
            "seg_file_path": "gs_segs/gs_seg39.png",
            "transform_matrix": [
                [
                    -0.0933902048125094,
                    0.10575161398033545,
                    -0.9899974069590445,
                    0.4747139811515808
                ],
                [
                    -0.9955577363685888,
                    -0.02186424945154644,
                    0.0915791906088515,
                    -0.1602196842432022
                ],
                [
                    -0.01196090304823788,
                    0.9941521768504433,
                    0.10732374416593929,
                    0.6904323101043701
                ],
                [
                    0.0,
                    0.0,
                    0.0,
                    1.0
                ]
            ],
            "idx": 39
        },
        {
            "file_path": "gs_images/gs_img65.png",
            "depth_file_path": "gs_depths/gs_depth65.png",
